100
0.2587
0.259
0.2615
0.2577
0.2633
0.2576
0.2579
0.2642
0.2589
0.2642
0.265
0.2577
0.2593
0.2607
0.2548
0.2607
0.2578
0.2567
0.2601
0.2606
0.2585
0.2566
0.2588
0.2648
0.2641
0.2606
0.2612
0.2568
0.2648
0.2602
0.256
0.2569
0.2599
0.2557
0.2564
0.2618
0.2552
0.2563
0.2589
0.262
0.2598
0.2599
0.2576
0.2631
0.2611
0.2619
0.2648
0.2646
0.2586
0.2581
0.2578
0.2555
0.2592
0.257
0.2591
0.2604
0.2594
0.2616
0.2558
0.2574
0.2591
0.2638
0.2563
0.2637
0.2577
0.2641
0.2627
0.2614
0.2586
0.2576
0.2589
0.2598
0.2549
0.2631
0.2554
0.2612
0.2647
0.2569
0.2579
0.2593
0.2577
0.261
0.2642
0.2595
0.2635
0.2646
0.2614
0.2629
0.2549
0.258
0.2547
0.263
0.2632
0.2552
0.264
0.255
0.261
0.2608
0.2563
0.2587