100
0.2480
0.2590
0.2583
0.2525
0.2560
0.2514
0.2550
0.2527
0.2518
0.2590
0.2560
0.2590
0.2637
0.2505
0.2454
0.2453
0.2505
0.2632
0.2520
0.2636
0.2474
0.2585
0.2460
0.2446
0.2627
0.2534
0.2455
0.2604
0.2542
0.2492
0.2623
0.2589
0.2604
0.2623
0.2485
0.2457
0.2650
0.2494
0.2447
0.2617
0.2456
0.2490
0.2604
0.2522
0.2617
0.2457
0.2530
0.2527
0.2484
0.2536
0.2580
0.2466
0.2595
0.2506
0.2467
0.2647
0.2596
0.2565
0.2539
0.2484
0.2606
0.2465
0.2517
0.2506
0.2540
0.2635
0.2641
0.2458
0.2487
0.2624
0.2475
0.2606
0.2547
0.2641
0.2466
0.2518
0.2588
0.2522
0.2509
0.2501
0.2601
0.2459
0.2489
0.2541
0.2508
0.2518
0.2599
0.2534
0.2583
0.2534
0.2562
0.2522
0.2483
0.2611
0.2558
0.2591
0.2467
0.2630
0.2510
0.2513